1 7.151502042348367e+02 1.361329493249725e+07 1.466068753261620e+08 -6.236486978351345e+03 -33.986298583520640 2.230237019527193 1.008367154243351 -3.847530197082389 -0.402591682073841 1.009373887024897 1000.00
6 1.193876061998186e+03 1.995025286475848e+08 -5.422285386528038e+07 -6.030094451504532e+06 -0.356464652365373 27.662477944884035 -0.526787560424510 0.356141901811184 2.341367937690960 -0.616071286859426 1000.00
7 1.193876061998186e+03 1.995025286475848e+08 -5.422285386528038e+07 -6.030094451504532e+06 -0.388928486613855 29.802525227300297 -0.935952728864826 -0.032463834248482 2.140047282416265 -0.409165168440316 9.286092962083167e+02
2 1.885790491796007e+03 -3.847862047917233e+08 -3.054614869475281e+08 2.471602002751410e+07 7.684670875272059 -9.296641339076718 -0.002246098313852 0 0 0 9.286092962083167e+02
7 1.885790491796007e+03 -3.847862047917233e+08 -3.054614869475281e+08 2.471602002751410e+07 10.158059839140227 -11.530356530954807 0.265894199505333 2.473388963868168 -2.233715191878089 0.268140297819184 8.288510738893035e+02
3 1.885790491796007e+03 -3.847862047917233e+08 -3.054614869475281e+08 2.471602002751410e+07 10.158059839140227 -11.530356530954807 0.265894199505333 0 0 0 2.042654528141325e+03
4 3.288782828471729e+03 -4.198052701696274e+08 2.179974377556699e+08 1.128103563603767e+06 -8.867885882560882 -13.354862813975630 0.865599242828909 0 0 0 2.042654528141325e+03
7 3.288782828471729e+03 -4.198052701696274e+08 2.179974377556699e+08 1.128103563603767e+06 -6.967290044945956 -10.629343159381412 0.103280892971733 1.900595837614927 2.725519654594219 -0.762318349857176 1.819157726479114e+03
6 4.023162828970380e+03 1.767352526880705e+08 1.232875273152527e+08 -1.751329487429775e+06 -7.511807255440725 25.264068225636187 -0.133613357141924 1.925455440706044 -1.994833430611457 -0.026276073153126 1.819157726479114e+03
7 4.023162828970380e+03 1.767352526880705e+08 1.232875273152527e+08 -1.751329487429775e+06 -7.030475206034597 24.338976165183023 -0.024074971150575 0.481332049406128 -0.925092060453165 0.109538385991349 1.755462829812315e+03
5 4.576076629129630e+03 5.768751845178212e+07 -1.406009709824421e+08 8.064268786540692e+03 27.090994844088822 11.187375888191035 2.912948538874794e-04 -4.323479292500213 -1.838309049991599 0.283094929389461 1.713803454252035e+03