1 7.287271405415929e+02 -2.179221745043344e+07 1.454874915471951e+08 -7.228441495639846e+03 -33.791629297501590 -4.441912723506955 1.048409917513131 0 0 0 1000.00
6 1.197394418431448e+03 2.015776396023155e+08 -4.644952610776755e+07 -5.918080814849913e+06 -1.702172524108726 25.261366625604186 -0.064606783325707 7.150463148670743e-07 1.491957743103220e-05 -2.700676643943446e-05 1000.00
7 1.197394418431448e+03 2.015776396023155e+08 -4.644952610776755e+07 -5.918080814849913e+06 -1.396831511782704 29.756844417487347 -1.011984512280132 0.305341012326022 4.495477791883158 -0.947377728954425 8.551276780969190e+02
2 1.919134105197901e+03 -3.537798978643073e+08 -3.372085586328681e+08 2.536602429296170e+07 9.030408118649396 -8.164119583377891 -0.047502813878013 0 0 0 8.551276780969190e+02
7 1.919134105197901e+03 -3.537798978643073e+08 -3.372085586328681e+08 2.536602429296170e+07 11.353793636730470 -10.489634452248488 0.184800282652475 2.323385518081075 -2.325514868870597 0.232303096530488 7.645107418366365e+02
3 1.919134105197901e+03 -3.537798978643073e+08 -3.372085586328681e+08 2.536602429296170e+07 11.353793636730470 -10.489634452248488 0.184800282652475 0 0 0 1.660301203006083e+03
4 3.276903181452470e+03 -4.104270036138754e+08 2.315573432266703e+08 2.391006068339984e+05 -9.405190871402084 -13.063899632515398 0.866482989769306 0 0 0 1.660301203006083e+03
7 3.276903181452470e+03 -4.104270036138754e+08 2.315573432266703e+08 2.391006068339984e+05 -7.572638962191057 -10.303539388967591 0.119684415922955 1.832551909211028 2.760360243547806 -0.746798573846351 1.479277081976044e+03
6 4.021657073712327e+03 1.783984349852121e+08 1.204191707867847e+08 -1.852241955782571e+06 -7.146713941294523 25.347438734397300 -0.087790965951140 1.937595802890631 -2.054292178608574 0.083089198946961 1.479277081976044e+03
7 4.021657073712327e+03 1.783984349852121e+08 1.204191707867847e+08 -1.852241955782571e+06 -6.662019246070995 24.477343034897803 -0.027931492705749 0.484694695223529 -0.870095699499498 0.059859473245391 1.429948165192648e+03
5 4.575837650592612e+03 5.712768631276925e+07 -1.408308315951034e+08 8.058189219189596e+03 31.491623221771146 12.847764090765631 -0.298784036012228 0 0 0 1.429948165192648e+03
7 4.575837650592612e+03 5.712768631276925e+07 -1.408308315951034e+08 8.058189219189596e+03 27.135810548440514 11.077524896203547 2.975879167127671e-04 -0.657625517300327 -0.267264584906734 0.045154308139909 1.395790461286870e+03