1 7.047062678489846e+02 4.042675078971428e+07 1.417726596778595e+08 -5.228015020073251e+03 -29.124298279364595 8.048208136039984 -0.001222030389292 0 0 0 1000.00
7 7.047062678489846e+02 4.042675078971428e+07 1.417726596778595e+08 -5.228015020073251e+03 -32.985209815853880 8.135307631483837 1.061414047694702 -3.860911536489283 0.087099495443853 1.062636078083994 9.998156598143205e+02
6 1.179938373497911e+03 1.885955340122602e+08 -8.417382282035837e+07 -6.390270391297105e+06 3.969496646465016 27.332936458584100 -0.634639890299440 0.683817645096165 2.259613049831984 -0.749916728081456 9.998156598143205e+02
7 1.179938373497911e+03 1.885955340122602e+08 -8.417382282035837e+07 -6.390270391297105e+06 3.175888817403696 29.626824511620843 -0.752624226104093 -0.793607829061320 2.293888053036743 -0.117984335804653 9.205475174399395e+02
2 1.842106912206112e+03 -4.199896142368474e+08 -2.596476459724400e+08 2.352014125702192e+07 5.878671409323356 -10.306041275469951 -0.039573365223193 0 0 0 9.205475174399395e+02
7 1.842106912206112e+03 -4.199896142368474e+08 -2.596476459724400e+08 2.352014125702192e+07 8.476017536687910 -12.711838604595586 0.366728355530033 2.597346127364555 -2.405797329125636 0.406301720753226 8.155317785455650e+02
3 1.842106912206112e+03 -4.199896142368474e+08 -2.596476459724400e+08 2.352014125702192e+07 8.476017536687910 -12.711838604595586 0.366728355530033 0 0 0 1.901482429256864e+03
4 3.287937626803280e+03 -4.191562859249612e+08 2.189719522014028e+08 1.064889109812812e+06 -8.906309246421761 -13.334850168057734 0.865699678708308 0 0 0 1.901482429256864e+03
7 3.287937626803280e+03 -4.191562859249612e+08 2.189719522014028e+08 1.064889109812812e+06 -7.031742166222434 -10.582256011086224 0.097133714489602 1.874567080199329 2.752594156971511 -0.768565964218706 1.692929357796328e+03
6 4.024606563649922e+03 1.751033165846890e+08 1.260117606838792e+08 -1.654204031142113e+06 -7.878952230335077 25.163730688812134 -0.556181078266555 1.842656411289366 -1.965032528647682 -0.458269414010429 1.692929357796328e+03
7 4.024606563649922e+03 1.751033165846890e+08 1.260117606838792e+08 -1.654204031142113e+06 -7.371621568369855 24.208771561306246 -0.031462357756999 0.507330661965222 -0.954959127505888 0.524718720509556 1.625159179451400e+03
5 4.579670896660467e+03 6.599021668979059e+07 -1.368726110309692e+08 8.139974143496747e+03 30.758085827718130 14.517419918476344 -0.264477981091935 0 0 0 1.625159179451400e+03
7 4.579670896660467e+03 6.599021668979059e+07 -1.368726110309692e+08 8.139974143496747e+03 26.364529924237758 12.817204216463477 1.961139950577948e-04 -4.393555903480372 -1.700215702012867 0.264674095086992 1.585950650711949e+03