1 7.275220315171179e+02 -1.867037519007034e+07 1.459268067249380e+08 -7.156397742853272e+03 -33.866347019888740 -3.789825954529801 1.050910063507982 -3.840860146144561 0.113079710054257 1.051617566142390 1000.00
6 1.196308860771374e+03 2.009670302543758e+08 -4.885528098362118e+07 -5.953523197148474e+06 -1.089699254010136 27.657101637027953 -0.543765330016157 0.298390096050175 2.376433274043730 -0.486048280278666 1000.00
7 1.196308860771374e+03 2.009670302543758e+08 -4.885528098362118e+07 -5.953523197148474e+06 -1.090800011024354 29.772851708458514 -0.992706083925189 -0.001100757014218 2.115750071430563-0.448940753909032 9.291206715902383e+02
2 1.910697444690634e+03 -3.619489071129044e+08 -3.294618633898390e+08 2.522371330623892e+07 8.705834668782225 -8.459287143865724 -0.037569338485823 0 0 0 9.291206715902383e+02
7 1.910697444690634e+03 -3.619489071129044e+08 -3.294618633898390e+08 2.522371330623892e+07 11.059070906851530 -10.764160375984556 0.205632327873446 2.353236238069304 -2.304873232118831 0.243201666359269 8.304522607951238e+02
3 1.910697444690634e+03 -3.619489071129044e+08 -3.294618633898390e+08 2.522371330623892e+07 11.059070906851530 -10.764160375984556 0.205632327873446 0 0 0 2.074212921719111e+03
4 3.277188833698986e+03 -4.106589630797038e+08 2.312348397409392e+08 2.604851170112877e+05 -9.392343372769526 -13.071140923256188 0.866475172787283 0 0 0 2.074212921719111e+03
7 3.277188833698986e+03 -4.106589630797038e+08 2.312348397409392e+08 2.604851170112877e+05 -7.558408054952260 -10.311497064765973 0.119248318852380 1.833935317817265 2.759643858490214 -0.747226853934903 1.848043383496434e+03
6 4.021705944077662e+03 1.783450835716824e+08 1.205126938501816e+08 -1.848973202090258e+06 -7.157575341314914 25.343356691365447 -0.090470104550939 1.937879805311435 -2.053855882887413 0.078776418711054 1.848043383496434e+03
7 4.021705944077662e+03 1.783450835716824e+08 1.205126938501816e+08 -1.848973202090258e+06 -6.673971473618079 24.473020415281443 0.027951710871437 0.483603867696834 -0.870336276084002 0.062518393679502 1.786426849252476e+03
5 4.575886901728887e+03 5.724313845378408e+07 -1.407836449175565e+08 8.059452794141276e+03 27.126610280463474 11.100178651238043 2.962913742959607e-04 -4.355855185923662 -1.769921289658138 0.298520910681042 1.743760663946360e+03