1 7.275735700006568e+02 -1.880406869698788e+07 1.459093670800678e+08 -7.159545241342956e+03 -33.863733241274694 -3.810888845334376 1.051703066542312 -3.841723976557628 0.119099065276947 1.052409240664612 1000.00
6 1.196266892429326e+03 2.009428914649357e+08 -4.894816175594540e+07 -5.954877699813552e+06 -1.076831761210455 27.657687606044430 -0.544647929929709 0.299436684614369 2.376564828734349 -0.485809146039013 1000.00
7 1.196266892429326e+03 2.009428914649357e+08 -4.894816175594540e+07 -5.954877699813552e+06 -1.079890980123031 29.773298644101498 -0.992175744271981 -0.003059218912576 2.115611038057067 -0.447527814342272 9.291341562680265e+02
2 1.910547676765685e+03 -3.620919767558178e+08 -3.293225446143559e+08 2.522105005377671e+07 8.700251352286543 -8.463830524386847 -0.037637379727132 0 0 0 9.291341562680265e+02
7 1.910547676765685e+03-3.620919767558178e+08 -3.293225446143559e+08 2.522105005377671e+07 11.053789696029535 -10.768965600992860 0.206000275922949 2.353538343742993 -2.305135076606014 0.243637655650081 8.304521729523069e+02
3 1.910547676765685e+03 -3.620919767558178e+08 -3.293225446143559e+08 2.522105005377671e+07 11.053789696029535 -10.768965600992860 0.206000275922949 0 0 0 2.130064247652307e+03
4 3.284338521867170e+03 -4.163613538324508e+08 2.231052089473505e+08 7.956296039082725e+05 -9.069599326786408 -13.248451828590314 0.866063261466271 0 0 0 2.130064247652307e+03
7 3.284338521867170e+03 -4.163613538324508e+08 2.231052089473505e+08 7.956296039082725e+05 -7.289963285627509 -10.395612461702939 0.077014342431058 1.779636041158898 2.852839366887374 -0.789048919035214 1.894125555614139e+03
7 4.029545377164714e+03 1.692512440543113e+08 1.351322139828441e+08 -1.319507860577141e+06 -10.333235717986986 25.919141607635160 -0.037419251075285 0.336399294386404 -0.745056248845681 0.034586234482240 1.842172983650426e+03
6 4.029545377164714e+03 1.692512440543113e+08 1.351322139828441e+08 -1.319507860577141e+06 -8.550053432639297 23.696043270891643 -0.015736030391491 1.783182285347688 -2.223098336743519 0.021683220683794 1.842172983650426e+03
7 4.029545377164714e+03 1.692512440543113e+08 1.351322139828441e+08 -1.319507860577141e+06 -8.550045814724184 23.696032872210438 -0.015734872087088 7.617915113796435e-06 -1.039868120485790e-05 1.158304402203020e-06 1.842172173240604e+03
5 4.578982721239024e+03 6.441824772554503e+07 -1.376255322689721e+08 8.127769526838570e+03 26.511178800329970 12.508521543398523 2.144076376271316e-04 -4.233269994186262 -2.002095660797361 0.212811242014668 1.799612074700038e+03